|      R     |     T     |    N    |     POLICY     |  MIN-RT |    MAX-RT    |     AVERAGE-RT      |     STD-DEV-RT      | THROUGHPUT|
    007500      000004      000512        Random       000003       003142        001516.028000          000977.539316       000123   
    015000      000004      000512        Random       000004       000520        000244.786000          000131.727682       000181   
    007500      000004      000512        FIFO         000000       000020        000008.074000          000004.156263       000200   
    015000      000004      000512        FIFO         000000       000014        000005.458000          000003.152814       000200   
    007500      000004      000512        SSTF         000001       000189        000048.860000          000038.358081       000197   
    015000      000004      000512        SSTF         000000       000050        000009.372000          000006.086840       000199   
    007500      000004      000512        SCAN         000001       000152        000041.716000          000029.414951       000198   
    015000      000004      000512        SCAN         000000       000032        000009.723000          000005.710540       000199   
    007500      000004      000512        CSCAN        000001       000226        000068.810000          000043.519259       000199   
    015000      000004      000512        CSCAN        000000       000042        000016.082000          000008.669676       000199   
